teleportenabled: true
teleportauto: false
godmode: false
muted: false
jailed: false
ip-address: 36.142.37.44
afk: false
socialspy: false
npc: false
powertoolsenabled: true
accepting-pay: true
baltop-exempt: false
timestamps:
  lastteleport: 1738587155583
  lastheal: 0
  mute: 0
  jail: 0
  onlinejail: 0
  logout: 1738588627579
  login: 1738585438416
  kits:
    member: 1737817524053
money: '23.0'
last-account-name: huihuiaxy
lastlocation:
  world: 04c00a4f-fe5c-47c6-8998-babf81130ba2
  world-name: world
  x: 495.69999998807907
  y: 62.0
  z: -227.62080167573475
  yaw: 96.00552368164062
  pitch: 80.2499008178711
logoutlocation:
  world: 04c00a4f-fe5c-47c6-8998-babf81130ba2
  world-name: world
  x: 507.22366573249946
  y: 64.0
  z: -229.62609426562605
  yaw: 165.4202117919922
  pitch: 13.649820327758789
homes:
  home:
    world: 04c00a4f-fe5c-47c6-8998-babf81130ba2
    world-name: world
    x: -72.4134713358225
    y: 68.0
    z: -254.34683200690932
    yaw: 84.93244171142578
    pitch: 23.11717987060547
  jia:
    world: 04c00a4f-fe5c-47c6-8998-babf81130ba2
    world-name: world
    x: 509.180414338715
    y: 64.0
    z: -316.75273414066487
    yaw: -87.14404296875
    pitch: 16.650209426879883
  jingyan:
    world: 0ffa7ed0-7ff7-4b4b-8836-301dd9fec5f8
    world-name: world_the_end
    x: 210.74277942782837
    y: 1.0
    z: -0.15723346706636065
    yaw: -84.43865966796875
    pitch: 27.14968490600586
