teleportenabled: true
teleportauto: false
godmode: false
muted: false
jailed: false
ip-address: 192.168.1.15
afk: false
socialspy: false
npc: false
powertoolsenabled: true
accepting-pay: true
baltop-exempt: false
timestamps:
  lastteleport: 1738167487592
  lastheal: 0
  mute: 0
  jail: 0
  onlinejail: 0
  logout: 1738168629450
  login: 1738167094196
money: '0.0'
last-account-name: Fu_j1a
lastlocation:
  world: 04c00a4f-fe5c-47c6-8998-babf81130ba2
  world-name: world
  x: 644.6610605665727
  y: 67.0
  z: -1120.102494118636
  yaw: -165.62448120117188
  pitch: 12.613003730773926
logoutlocation:
  world: 04c00a4f-fe5c-47c6-8998-babf81130ba2
  world-name: world
  x: -63.77707376353572
  y: 63.0
  z: -915.6404425147964
  yaw: -73.298828125
  pitch: 11.286139488220215
homes:
  fanmao:
    world: 04c00a4f-fe5c-47c6-8998-babf81130ba2
    world-name: world
    x: -349.6287945377961
    y: 3.0
    z: 591.3765660321448
    yaw: 174.6761474609375
    pitch: 2.482848644256592
  hongsha:
    world: 04c00a4f-fe5c-47c6-8998-babf81130ba2
    world-name: world
    x: 651.8726184567319
    y: 71.0
    z: -1139.4991657216985
    yaw: -67.97645568847656
    pitch: 34.75126266479492
  home:
    world: 04c00a4f-fe5c-47c6-8998-babf81130ba2
    world-name: world
    x: -62.27665976777223
    y: 63.0
    z: -918.147131443222
    yaw: 175.73748779296875
    pitch: 24.092863082885742
