teleportenabled: true
teleportauto: false
godmode: false
muted: false
jailed: false
ip-address: 122.240.223.94
afk: false
socialspy: false
npc: false
powertoolsenabled: true
accepting-pay: true
baltop-exempt: false
timestamps:
  lastteleport: 1738596843408
  lastheal: 0
  mute: 0
  jail: 0
  onlinejail: 0
  logout: 1738597032838
  login: 1738589011416
money: '3850.0'
last-account-name: YinglangSama
lastlocation:
  world: 04c00a4f-fe5c-47c6-8998-babf81130ba2
  world-name: world
  x: -389.4699214894405
  y: 59.0
  z: 407.61725601774424
  yaw: -179.53408813476562
  pitch: 27.82743263244629
logoutlocation:
  world: 877e483a-8c3b-40fa-9738-40239679b77e
  world-name: isla
  x: 55.80195774315394
  y: 89.0
  z: 59.79891428902371
  yaw: 123.7568359375
  pitch: 50.47822189331055
homes:
  home:
    world: 04c00a4f-fe5c-47c6-8998-babf81130ba2
    world-name: world
    x: -390.1150937556485
    y: 64.0
    z: 413.4321517520986
    yaw: -18.1319580078125
    pitch: 17.177692413330078
  doen:
    world: 04c00a4f-fe5c-47c6-8998-babf81130ba2
    world-name: world
    x: 511.5766226589505
    y: 65.0
    z: -336.5290963422302
    yaw: 53.55352783203125
    pitch: 3.300168752670288
  ddd:
    world: 04c00a4f-fe5c-47c6-8998-babf81130ba2
    world-name: world
    x: 381.52461347584165
    y: -37.0
    z: 290.47247687170363
    yaw: -130.229736328125
    pitch: 35.60036849975586
