teleportenabled: true
teleportauto: false
godmode: false
muted: false
jailed: false
ip-address: 111.181.142.219
afk: false
socialspy: false
npc: false
powertoolsenabled: true
accepting-pay: true
baltop-exempt: false
timestamps:
  lastteleport: 1738596799707
  lastheal: 0
  mute: 0
  jail: 0
  onlinejail: 0
  logout: 1738597699080
  login: 1738586455216
money: '0.0'
last-account-name: crocodile1456
lastlocation:
  world: 16c0d5de-e05c-437b-bfdb-3422519e8bd3
  world-name: mine
  x: 16.71014616298245
  y: 71.0
  z: 330.96369988401875
  yaw: -48.82861328125
  pitch: 26.332368850708008
logoutlocation:
  world: 04c00a4f-fe5c-47c6-8998-babf81130ba2
  world-name: world
  x: -392.9126429268765
  y: 63.0
  z: 431.3613169355759
  yaw: 178.89854431152344
  pitch: 19.049558639526367
homes:
  home:
    world: 04c00a4f-fe5c-47c6-8998-babf81130ba2
    world-name: world
    x: -393.368226188917
    y: 63.0
    z: 414.81063708833454
    yaw: -164.10025024414062
    pitch: 4.0500006675720215
  sss:
    world: 04c00a4f-fe5c-47c6-8998-babf81130ba2
    world-name: world
    x: 1919.87264023812
    y: 22.0
    z: -1368.300000011921
    yaw: 112.15240478515625
    pitch: 26.249723434448242
  nnn:
    world: 0ffa7ed0-7ff7-4b4b-8836-301dd9fec5f8
    world-name: world_the_end
    x: -2816.2807621864954
    y: 64.0
    z: 1659.8136589729947
    yaw: -127.72151184082031
    pitch: 35.400115966796875
